A
00011000
00100100
01000010
11111111
10000001
10000001
10000001
10000001

B
11111111
10000001
10000001
10000010
11111100
10000010
10000001
11111111

C
11111111
10000000
10000000
10000000
10000000
10000000
10000000
11111111

D
11111100
10000010
10000001
10000001
10000001
10000001
10000010
11111100

E
11111111
10000000
10000000
10000000
11111111
10000000
10000000
11111111

F
11111111
10000000
10000000
11111111
10000000
10000000
10000000
10000000

G
11111111
10000000
10000000
10000000
10111111
10000001
10000001
11111111

H
10000001
10000001
10000001
11111111
10000001
10000001
10000001
10000001

I
11111111
00011000
00011000
00011000
00011000
00011000
00011000
11111111

J
00000001
00000001
00000001
00000001
00000001
00000010
00000100
11111000

K
10000011
10001100
10110000
11000000
11000000
10110000
10001100
10000011

L
10000000
10000000
10000000
10000000
10000000
10000000
10000000
11111111

M
10000001
11000011
10100101
10011001
10000001
10000001
10000001
10000001

N
11000001
10100001
10010001
10001001
10001001
10000101
10000011
10000001

O
01111110
10000001
10000001
10000001
10000001
10000001
10000001
10000001
01111110

P
11111111
10000001
10000001
11111111
10000000
10000000
10000000
10000000

Q

R

S

T

U

V

W

X

Y

Z

1

2

3

4

5

6

7

8

9

0

?

!

.

,